(50.0, 107.5969)
(50.0, 109.762)
(50.0, 112.1957)
(50.0, 114.8976)
(50.0, 114.8976)
(50.0, 114.8976)
(50.0, 117.8672)
(50.0, 117.8672)
(50.0, 121.1041)
(50.0, 124.6078)
(50.0, 128.3779)
(50.0, 132.414)
(50.0, 136.7155)
(50.0, 141.2821)
(50.0, 146.1133)
(50.0, 151.2086)
(50.0, 156.5677)
(50.0, 162.1901)
(50.0, 168.0754)
(50.0, 174.223)
(50.0, 180.6327)
(50.0, 187.3038)
(50.0, 194.2361)
(50.0, 201.429)
(54.05527, 197.4994)
(57.28202, 195.6516)
(60.5034, 194.0792)
(63.71941, 192.7816)
(66.93005, 191.7584)
(70.13535, 191.0091)
(73.3353, 190.5333)
(76.52991, 190.3305)
(79.71921, 190.4003)
(82.90319, 190.7421)
(86.08186, 191.3557)
(89.25524, 192.2404)
(92.42332, 193.3959)
(95.58613, 194.8216)
(98.74366, 196.5172)
(101.8959, 198.4823)
(105.043, 200.7162)
(108.1847, 203.2187)
(111.3213, 205.9892)
(114.4526, 209.0273)
(117.5787, 212.3326)
(120.6995, 215.9046)
(123.8152, 219.7428)
(126.9257, 223.8469)
key: 1
(130.031, 228.2164)
(133.1311, 232.8508)
(136.2261, 237.7496)
(139.3159, 242.9126)
(142.4006, 248.3392)
(145.4801, 254.0289)
(148.5544, 259.9814)
(151.6237, 266.1962)
(154.6878, 272.6729)
(157.7469, 279.411)
(160.8008, 286.4101)
(163.8497, 293.6697)
(166.8934, 301.1895)
(169.9321, 308.9689)
(172.9657, 317.0076)
(175.9943, 325.3051)
(179.0178, 333.861)
key: 4
(182.0363, 342.6749)
(185.0498, 351.7463)
(188.0582, 361.0748)
(191.0616, 370.66)
(194.06, 380.5015)
(197.0534, 390.5987)
(200.0418, 400.9514)
(203.0253, 411.559)
(206.0038, 422.4212)
(208.9773, 433.5374)
(211.9458, 444.9074)
(214.9094, 456.5307)
(218.3634, 468.4068)
(230.0823, 455.9833)
(241.7816, 450.3274)
(253.4614, 444.9531)
(265.1218, 439.86)
(276.7627, 435.0476)
(288.3842, 430.5155)
(299.9864, 426.2631)
(311.5692, 422.2901)
key: 1
(323.1327, 418.5959)
(334.6769, 415.18)
(346.2019, 412.0421)
(357.7077, 409.1816)
(369.1943, 406.5982)
(380.6618, 404.2912)
(392.1102, 402.2603)
(403.5394, 400.5051)
(414.9496, 399.0249)
(426.3409, 397.8195)
(437.7131, 396.8883)
(449.0663, 396.2308)
(460.4007, 395.8467)
(471.7162, 395.7354)
(483.0128, 395.8966)
(494.2905, 396.3297)
(505.5495, 397.0343)
(516.7897, 398.01)
key: 2
(528.0112, 399.2562)
(539.214, 400.7726)
(550.3981, 402.5587)
(561.5635, 404.614)
(572.7104, 406.9382)
(583.8387, 409.5306)
(594.9484, 412.391)
(606.0396, 415.5189)
(617.1124, 418.9137)
(628.1666, 422.5751)
(639.2025, 426.5026)
(643.7357, 404.6667)
(648.2613, 386.032)
(652.7794, 367.7005)
(657.29, 349.6718)
(661.793, 331.9454)
(666.2886, 314.5208)
(670.7766, 297.3974)
(675.2572, 280.5748)
(679.7303, 264.0525)
key: 1
(684.1959, 247.8299)
(688.6541, 231.9066)
(693.1049, 216.282)
(697.5483, 200.9557)
(701.9843, 185.9271)
(706.4128, 171.1958)
(710.834, 156.7614)
(715.2479, 142.6231)
(719.6543, 128.7807)
(724.0534, 115.2335)
(728.4452, 101.9812)
(732.8297, 89.02316)
(737.2068, 76.35895)
(741.5767, 63.98806)
(745.9392, 51.91001)
(750.2945, 40.12431)
(754.6425, 28.63048)
(758.9833, 17.42803)
(763.3169, 6.516467)
(767.6432, -4.104686)
(771.9624, -14.43591)
(776.2744, -24.4777)
(780.5791, -34.23053)
(784.8766, -43.69489)
(789.1671, -52.87124)
(793.4503, -61.76009)
(797.7264, -70.36189)
(801.9954, -78.67714)
(806.2573, -86.70631)
(810.5121, -94.44987)
(814.7598, -101.9083)
(819.0004, -109.0821)
(823.2339, -115.9717)
(827.4604, -122.5776)
(831.6798, -128.9003)
(835.8922, -134.9402)
(840.0976, -140.6978)
(844.296, -146.1736)
(848.4874, -151.368)
(852.6718, -156.2816)
(856.8492, -160.9147)
(861.0197, -165.268)
(865.1832, -169.3417)
(869.3397, -173.1364)
(873.4894, -176.6526)
(877.6321, -179.8907)
(881.7679, -182.8512)
(885.8968, -185.5345)
(890.0189, -187.9411)
(894.134, -190.0715)
(898.2424, -191.9261)
(902.3438, -193.5054)
(906.4384, -194.8099)
(910.5262, -195.8399)
(914.6072, -196.596)
(918.6815, -197.0787)
(922.7488, -197.2883)
(926.8094, -197.2253)
(930.8633, -196.8902)
(934.9104, -196.2835)
(938.9507, -195.4055)
(942.9844, -194.2568)
(947.0113, -192.8378)
(951.0315, -191.1489)
(955.045, -189.1906)
(959.0518, -186.9634)
(963.0519, -184.4676)
(967.0453, -181.7038)
(971.0322, -178.6723)
(975.0123, -175.3737)
(978.9858, -171.8084)
(982.9528, -167.9768)
(986.913, -163.8794)
(990.8667, -159.5165)
(994.8138, -154.8887)
(998.7543, -149.9964)
(1002.688, -144.8401)
(1006.616, -139.4201)
(1010.536, -133.7369)
(1014.451, -127.7909)
(1018.359, -121.5827)
(1022.26, -115.1126)
(1026.155, -108.381)
(1030.043, -101.3884)
(1033.925, -94.13529)
(1037.8, -86.62202)
(1041.669, -78.84905)
(1045.531, -70.81682)
(1049.387, -62.52575)
(1053.237, -53.97627)
(1057.08, -45.16882)
(1060.917, -36.10383)
(1064.747, -26.78172)
(1068.571, -17.20293)
(1072.389, -7.367882)
(1076.2, 2.722997)
(1080.005, 13.06928)
(1083.804, 23.67054)
(1087.596, 34.52635)
(1091.382, 45.6363)
(1095.161, 56.99994)
(1098.935, 68.61687)
(1102.702, 80.48666)
(1106.462, 92.60889)
(1110.217, 104.9831)
(1113.965, 117.609)
(1117.707, 130.486)
(1121.443, 143.6138)
(1125.172, 156.9919)
(1128.895, 170.62)
(1132.612, 184.4975)
(1136.323, 198.6242)
(1140.028, 212.9995)
(1143.726, 227.6231)
(1147.419, 242.4946)
(1151.105, 257.6134)
(1154.785, 272.9793)
(1158.459, 288.5919)
(1162.127, 304.4506)
(1165.788, 320.5551)
(1169.444, 336.9049)
(1173.093, 353.4998)
(1176.737, 370.3392)
(1180.374, 387.4228)
(1184.005, 404.7501)
(1187.63, 422.3208)
(1191.25, 440.1344)
(1194.863, 458.1906)
(1198.47, 476.4888)
(1202.071, 495.0288)
(1205.666, 513.8102)
(1209.255, 532.8324)
(1212.838, 552.0952)
(1216.415, 571.598)
(1219.986, 591.3406)
(1223.552, 611.3226)
(1227.111, 631.5434)
(1230.664, 652.0027)
(1234.212, 672.7003)
(1237.753, 693.6355)
(1241.289, 714.808)
(1244.819, 736.2175)
(1248.343, 757.8635)
(1251.86, 779.7457)
(1255.373, 801.8636)
(1258.879, 824.2169)
(1262.379, 846.8051)
(1265.874, 869.6279)
(1269.363, 892.6849)
(1272.845, 915.9757)
(1276.323, 939.4999)
(1279.794, 963.2571)
(1283.26, 987.247)
(1286.719, 1011.469)
(1290.173, 1035.923)
(1293.621, 1060.609)
(1297.064, 1085.525)
(1300.501, 1110.672)
(1303.932, 1136.05)
(1307.357, 1161.657)
(1310.777, 1187.494)
(1314.191, 1213.56)
(1317.599, 1239.855)
(1321.001, 1266.378)
(1324.398, 1293.13)
(1327.789, 1320.109)
(1331.175, 1347.315)
(1334.555, 1374.748)
